%YAML:1.0
Tree: !!opencv-matrix
   rows: 4
   cols: 429
   dt: d
   data: [ 263., 129., 26., 63., 290., 284., 149., 132., 67., 180., 377.,
       112., 290., 378., 255., 42., 308., 4., 335., 378., 146., 249.,
       39., 368., 51., 49., 91., 144., 31., 17., 17., 226., 271., 100.,
       318., 54., 6., 39., 285., 208., 410., 199., 388., 23., 204., 299.,
       248., 77., 129., 348., 67., 226., 136., 241., 148., 270., 105.,
       255., 38., 425., 340., 82., 379., 93., 293., 180., 344., 371.,
       227., 242., 174., 51., 81., 282., 314., 220., 80., 155., 105.,
       138., 275., 162., 362., 406., 51., 242., 205., 112., 335., 17.,
       31., 260., 143., 105., 61., 113., 7., 129., 362., 130., 378.,
       106., 74., 218., 368., 146., 230., 204., 241., 339., 146., 107.,
       170., 338., 223., 22., 6., 161., 277., 125., 3., 404., 313., 242.,
       197., 132., 285., 232., 66., 368., 242., 134., 132., 208., 81.,
       70., 81., 114., 105., 105., 373., 303., 263., 132., 143., 242.,
       220., 66., 140., 19., 402., 146., 370., 313., 411., 319., 45.,
       144., 245., 209., 197., 143., 143., 220., 130., 81., 76., 67.,
       263., 284., 183., 387., 146., 171., 211., 143., 416., 370., 232.,
       378., 143., 342., 75., 104., 162., 188., 88., 150., 128., 237.,
       81., 107., 385., 274., 373., 360., 266., 117., 376., 321., 69.,
       387., 325., 201., 313., 81., 224., 190., 313., 136., 132., 104.,
       412., 380., 406., 146., 416., 361., 174., 8., 81., 385., 233.,
       72., 245., 242., 245., 325., 17., 14., 281., 293., 8., 179., 163.,
       81., 284., 210., 262., 24., 252., 335., 132., 422., 146., 204.,
       61., 242., 162., 242., 350., 157., 201., 132., 83., 208., 214.,
       313., 119., 208., 263., 252., 282., 338., 322., 204., 81., 75.,
       188., 340., 406., 313., 282., 398., 205., 43., 368., 143., 174.,
       416., 238., 224., 261., 119., 238., 117., 49., 312., 115., 259.,
       382., 369., 324., 105., 47., 124., 337., 170., 80., 269., 220.,
       254., 425., 105., 83., 200., 342., 67., 15., 383., 366., 344.,
       274., 81., 61., 368., 115., 331., 354., 220., 297., 146., 335.,
       105., 339., 50., 160., 339., 197., 104., 175., 159., 360., 43.,
       132., 132., 342., 198., 143., 49., 387., 161., 72., 49., 428.,
       247., 154., 84., 134., 365., 300., 263., 274., 300., 204., 406.,
       66., 285., 57., 84., 44., 387., 211., 286., 220., 362., 81., 14.,
       143., 324., 242., 143., 63., 211., 150., 31., 117., 46., 425.,
       338., 154., 425., 84., 293., 198., 257., 220., 257., 184., 36.,
       330., 208., 169., 229., 50., 120., 211., 413., 387., 242., 98.,
       155., 211., 125., 387., 64., 134., 307., 201., 54., 119., 413.,
       190., 6., 139., 378., 397., 421., 60., 314., 387., 141., 416.,
       143., 387., 362., 399., 158., 81., 9.0833333333333333e-01,
       9.0833333333333333e-01, 9.4916666666666660e-01,
       9.4916666666666660e-01, 9.6958333333333335e-01,
       9.4916666666666660e-01, 7.6541666666666663e-01,
       4.1833333333333339e-01, 3.5708333333333336e-01,
       7.0416666666666672e-01, 2.5500000000000000e-01,
       5.4083333333333339e-01, 9.6958333333333335e-01,
       5.6125000000000003e-01, 3.1624999999999998e-01,
       9.4916666666666660e-01, 9.4916666666666660e-01,
       9.8999999999999999e-01, 8.0625000000000002e-01,
       8.0625000000000002e-01, 6.4291666666666669e-01,
       5.2041666666666664e-01, 6.0208333333333330e-01,
       6.2249999999999994e-01, 8.8791666666666669e-01,
       8.4708333333333330e-01, 9.0833333333333333e-01,
       7.8583333333333338e-01, 3.9791666666666670e-01,
       9.8999999999999999e-01, 9.8999999999999999e-01,
       4.3874999999999997e-01, 5.6125000000000003e-01,
       7.2458333333333325e-01, 8.8791666666666669e-01,
       9.4916666666666660e-01, 2.3458333333333334e-01,
       1.5291666666666667e-01, 8.8791666666666669e-01,
       3.5708333333333336e-01, 9.6958333333333335e-01,
       9.6958333333333335e-01, 8.6749999999999994e-01,
       7.0416666666666672e-01, 4.7958333333333331e-01,
       4.1833333333333339e-01, 2.1416666666666670e-01,
       9.2875000000000008e-01, 1.3250000000000001e-01,
       7.8583333333333338e-01, 7.2458333333333325e-01,
       7.2458333333333325e-01, 6.4291666666666669e-01,
       1.9375000000000001e-01, 8.4708333333333330e-01,
       8.4708333333333330e-01, 6.4291666666666669e-01,
       3.5708333333333336e-01, 9.6958333333333335e-01,
       7.6541666666666663e-01, 1.3250000000000001e-01,
       1.1208333333333334e-01, 4.1833333333333339e-01,
       8.6749999999999994e-01, 5.0000000000000000e-01,
       2.3458333333333334e-01, 6.0208333333333330e-01,
       6.6333333333333333e-01, 9.2875000000000008e-01,
       6.4291666666666669e-01, 7.2458333333333325e-01,
       6.8374999999999997e-01, 4.7958333333333331e-01,
       2.1416666666666670e-01, 3.0416666666666668e-02,
       4.3874999999999997e-01, 7.6541666666666663e-01,
       7.6541666666666663e-01, 4.5916666666666667e-01,
       2.9583333333333334e-01, 9.2875000000000008e-01,
       3.7750000000000000e-01, 1.9375000000000001e-01,
       3.3666666666666667e-01, 7.4500000000000000e-01,
       7.2458333333333325e-01, 7.6541666666666663e-01,
       6.6333333333333333e-01, 8.6749999999999994e-01,
       9.8999999999999999e-01, 4.3874999999999997e-01,
       8.8791666666666669e-01, 3.7750000000000000e-01,
       6.8374999999999997e-01, 9.6958333333333335e-01,
       9.0833333333333333e-01, 8.4708333333333330e-01,
       8.4708333333333330e-01, 7.8583333333333338e-01,
       7.6541666666666663e-01, 6.8374999999999997e-01,
       9.2875000000000008e-01, 9.6958333333333335e-01,
       9.0833333333333333e-01, 6.4291666666666669e-01,
       4.7958333333333331e-01, 8.0625000000000002e-01,
       3.3666666666666667e-01, 9.0833333333333333e-01,
       5.2041666666666664e-01, 7.6541666666666663e-01,
       1.5291666666666667e-01, 7.8583333333333338e-01,
       8.6749999999999994e-01, 6.0208333333333330e-01,
       3.1624999999999998e-01, 5.2041666666666664e-01,
       4.7958333333333331e-01, 6.8374999999999997e-01,
       8.2666666666666677e-01, 9.6958333333333335e-01,
       9.0833333333333333e-01, 8.0625000000000002e-01,
       6.0208333333333330e-01, 5.6125000000000003e-01,
       6.6333333333333333e-01, 6.4291666666666669e-01,
       3.3666666666666667e-01, 7.2458333333333325e-01,
       7.2458333333333325e-01, 5.6125000000000003e-01,
       6.4291666666666669e-01, 4.7958333333333331e-01,
       5.0000000000000000e-01, 4.7958333333333331e-01,
       8.4708333333333330e-01, 3.5708333333333336e-01,
       3.7750000000000000e-01, 7.4500000000000000e-01,
       5.4083333333333339e-01, 7.4500000000000000e-01,
       7.4500000000000000e-01, 6.4291666666666669e-01,
       4.3874999999999997e-01, 5.0000000000000000e-01,
       6.0208333333333330e-01, 5.2041666666666664e-01,
       5.0000000000000000e-01, 7.2458333333333325e-01,
       7.8583333333333338e-01, 3.5708333333333336e-01,
       3.9791666666666670e-01, 3.5708333333333336e-01,
       6.4291666666666669e-01, 8.0625000000000002e-01,
       5.2041666666666664e-01, 8.2666666666666677e-01,
       6.6333333333333333e-01, 7.6541666666666663e-01,
       6.4291666666666669e-01, 7.0416666666666672e-01,
       4.7958333333333331e-01, 3.7750000000000000e-01,
       4.1833333333333339e-01, 7.8583333333333338e-01,
       2.9583333333333334e-01, 3.0416666666666668e-02,
       6.2249999999999994e-01, 1.9375000000000001e-01,
       8.2666666666666677e-01, 5.4083333333333339e-01,
       2.1416666666666670e-01, 6.8374999999999997e-01,
       5.0833333333333335e-02, 7.0416666666666672e-01,
       5.6125000000000003e-01, 8.0625000000000002e-01,
       3.1624999999999998e-01, 3.3666666666666667e-01,
       4.7958333333333331e-01, 6.0208333333333330e-01,
       3.7750000000000000e-01, 1.5291666666666667e-01,
       6.2249999999999994e-01, 6.0208333333333330e-01,
       1.7333333333333334e-01, 9.4916666666666660e-01,
